<?xml version="1.0" encoding="UTF-8" standalone="no"?>
<!DOCTYPE svg PUBLIC "-//W3C//DTD SVG 20010904//EN"
              "http://www.w3.org/TR/2001/REC-SVG-20010904/DTD/svg10.dtd">

<svg xmlns="http://www.w3.org/2000/svg"
     width="101.587mm" height="127.778mm"
     viewBox="0 0 384 483">
  <path id="Selection"
        fill="none" stroke="black" stroke-width="1"
        d="M 208.00,10.46
           C 220.47,9.83 232.97,15.84 240.21,26.00
             244.99,32.70 245.02,39.32 250.05,41.97
             254.60,44.37 260.30,40.30 271.00,40.75
             287.26,41.42 300.79,51.09 305.25,67.00
             308.41,78.24 305.24,84.69 310.23,88.39
             313.96,91.16 325.20,86.68 331.00,87.17
             352.96,89.04 366.89,102.68 367.00,125.00
             367.00,125.00 367.00,312.00 367.00,312.00
             366.84,325.20 361.57,340.78 354.80,352.00
             347.01,364.90 339.02,369.19 339.00,385.00
             339.00,385.00 339.00,453.00 339.00,453.00
             338.86,464.64 334.53,465.98 324.00,466.00
             324.00,466.00 168.00,466.00 168.00,466.00
             168.00,466.00 135.00,466.00 135.00,466.00
             131.46,465.95 127.22,465.77 124.42,463.30
             120.80,460.12 121.01,454.39 121.00,450.00
             121.00,450.00 121.00,383.00 121.00,383.00
             120.98,367.36 112.78,358.94 105.00,346.00
             105.00,346.00 64.58,280.00 64.58,280.00
             64.58,280.00 36.95,235.00 36.95,235.00
             24.36,214.88 11.99,198.88 19.44,174.00
             27.89,145.78 60.09,133.66 86.00,145.89
             91.45,148.46 95.70,151.84 100.00,156.01
             101.69,157.66 105.61,162.03 107.86,162.38
             112.36,163.07 112.00,152.65 112.00,150.00
             112.00,150.00 112.00,97.00 112.00,97.00
             112.00,86.99 111.09,75.53 114.04,66.00
             118.70,50.91 135.00,39.05 151.00,40.32
             155.85,40.71 165.06,44.02 168.95,41.97
             173.88,39.38 174.02,32.74 178.93,26.00
             186.61,15.44 195.61,12.14 208.00,10.46 Z
           M 209.00,25.38
           C 192.23,27.62 187.18,39.57 187.00,55.00
             187.00,55.00 187.00,186.00 187.00,186.00
             186.99,189.80 187.15,194.51 184.91,197.79
             181.83,202.29 175.56,202.29 173.53,194.00
             172.93,191.52 173.00,188.56 173.00,186.00
             173.00,186.00 173.00,87.00 173.00,87.00
             172.99,79.96 172.07,70.71 167.61,65.00
             157.89,52.59 139.29,53.37 131.00,67.00
             127.81,72.26 127.01,80.93 127.00,87.00
             127.00,87.00 127.00,188.00 127.00,188.00
             127.02,202.17 132.01,207.41 139.19,219.00
             139.19,219.00 158.32,250.00 158.32,250.00
             161.09,254.40 168.97,266.49 169.64,271.00
             170.55,277.06 165.41,281.28 160.01,277.53
             154.86,273.95 148.88,262.65 145.32,257.00
             145.32,257.00 105.32,192.00 105.32,192.00
             99.47,182.72 92.76,169.09 84.00,162.79
             62.96,147.66 34.53,161.52 32.33,187.00
             31.20,200.01 46.15,220.98 53.05,232.00
             53.05,232.00 111.42,327.00 111.42,327.00
             111.42,327.00 124.40,348.00 124.40,348.00
             127.01,352.33 129.51,357.29 134.01,359.91
             137.82,362.13 141.77,361.99 146.00,362.00
             146.00,362.00 229.00,362.00 229.00,362.00
             229.00,362.00 244.00,361.00 244.00,361.00
             244.00,361.00 316.00,361.00 316.00,361.00
             330.72,360.98 333.79,356.08 341.19,344.00
             349.11,331.07 352.98,317.17 353.00,302.00
             353.00,302.00 353.00,132.00 353.00,132.00
             352.99,123.54 351.74,114.63 345.67,108.18
             335.81,97.71 318.44,99.82 311.00,112.00
             308.03,116.87 307.03,125.34 307.00,131.00
             307.00,131.00 307.00,179.00 307.00,179.00
             307.00,181.56 307.07,184.52 306.47,187.00
             304.44,195.29 298.17,195.29 295.09,190.79
             292.85,187.51 293.01,182.80 293.00,179.00
             293.00,179.00 293.00,86.00 293.00,86.00
             292.98,70.67 288.32,55.01 270.00,55.01
             267.12,55.01 264.75,55.12 262.00,56.13
             250.34,60.41 247.13,72.82 247.00,84.00
             247.00,84.00 247.00,183.00 247.00,183.00
             247.00,185.56 247.07,188.52 246.47,191.00
             244.87,197.56 239.72,200.66 235.70,195.77
             232.87,192.33 233.01,187.19 233.00,183.00
             233.00,183.00 233.00,54.00 233.00,54.00
             232.82,38.58 226.14,25.56 209.00,25.38 Z
           M 144.02,377.13
           C 135.78,380.20 137.25,388.39 140.43,390.99
             143.19,393.26 147.63,392.99 151.00,393.00
             151.00,393.00 228.00,393.00 228.00,393.00
             233.81,393.01 239.01,393.18 244.00,396.65
             256.16,405.10 257.82,420.97 245.96,430.47
             240.05,435.20 233.27,435.99 226.00,436.00
             226.00,436.00 188.00,436.00 188.00,436.00
             188.00,436.00 151.00,436.00 151.00,436.00
             147.63,436.01 143.19,435.74 140.43,438.01
             136.91,440.89 137.24,448.11 141.23,450.43
             145.71,453.04 154.53,451.01 160.00,451.00
             160.00,451.00 281.00,451.00 281.00,451.00
             281.00,451.00 313.00,451.00 313.00,451.00
             316.23,450.96 320.03,450.95 322.49,448.49
             325.32,445.66 324.99,440.70 325.00,437.00
             325.00,437.00 325.00,397.00 325.00,397.00
             325.00,392.64 325.70,383.68 323.15,380.28
             320.40,376.61 315.08,377.01 311.00,377.13
             311.00,377.13 201.00,377.13 201.00,377.13
             201.00,377.13 144.02,377.13 144.02,377.13 Z
           M 145.00,408.11
           C 139.73,409.68 134.91,414.59 140.43,418.91
             143.31,421.17 148.51,420.99 152.00,421.00
             152.00,421.00 225.00,421.00 225.00,421.00
             227.26,420.97 229.85,420.96 231.98,420.11
             236.94,418.13 238.39,413.06 233.85,409.85
             231.33,408.07 227.96,408.04 225.00,408.11
             225.00,408.11 175.00,408.11 175.00,408.11
             175.00,408.11 145.00,408.11 145.00,408.11 Z" />
</svg>
